es:  0.6779597214379823-es  0.02051571616789008-eu  0.03594955768868812-en  0.007528703180877094-ca  0.00018821757952192734-gl  0.25785808394504045-pt  
en:  0.2857142857142857-es  0.5677179962894249-en  0.03339517625231911-eu  0.0074211502782931356-ca  0.10575139146567718-pt  
eu:  0.7309941520467836-eu  0.19883040935672514-es  0.02631578947368421-en  0.04093567251461988-pt  0.0029239766081871343-ca  
pt:  0.13304721030042918-es  0.8555078683834049-pt  0.004291845493562232-ca  0.005722460658082976-en  0.001430615164520744-eu  
ca:  0.5294117647058824-es  0.058823529411764705-en  0.0196078431372549-eu  0.13725490196078433-pt  0.2549019607843137-ca  
gl:  0.4-es  0.4-pt  0.2-ca  
