es:  0.8943068675006383-es  0.006637732958897115-eu  0.011743681388817973-en  0.0030635690579525147-ca  0.08424814909369416-pt  
ca:  0.4732824427480916-es  0.03435114503816794-en  0.019083969465648856-eu  0.22900763358778625-ca  0.24427480916030533-pt  
eu:  0.7211328976034859-eu  0.22875816993464052-es  0.017429193899782137-en  0.032679738562091505-pt  
en:  0.15771230502599654-es  0.7694974003466204-en  0.01386481802426343-eu  0.0034662045060658577-ca  0.05545927209705372-pt  
pt:  0.06039076376554174-es  0.0041444641799881585-en  0.0041444641799881585-eu  0.0005920663114268798-gl  0.9301361752516282-pt  0.0005920663114268798-ca  
gl:  0.5-es  0.020833333333333332-en  0.03125-eu  0.4479166666666667-pt  
