es:  0.6414574898785426-es  0.055870445344129556-eu  0.048582995951417005-en  0.01068825910931174-ca  0.00016194331983805668-gl  0.24323886639676112-pt  
ca:  0.1111111111111111-es  0.05555555555555555-eu  0.5-ca  0.05555555555555555-en  0.2777777777777778-pt  
en:  0.9728506787330317-en  0.013574660633484163-eu  0.00904977375565611-es  0.004524886877828055-pt  
pt:  0.012612612612612612-es  0.9855855855855856-pt  0.0018018018018018018-eu  
eu:  1.0-eu  
gl:  1.0-es  
