es:  0.567652521788827-es  0.05429347049578511-eu  0.07372481783111873-en  0.010715816545220747-ca  0.00014287755393627662-gl  0.29347049578511214-pt  
pt:  1.0-pt  
